2.811707496643066406e+01 1.427223491668701172e+01 3.541683578491210938e+01
2.053772926330566406e+01 3.279758453369140625e+01 3.039629745483398438e+01
3.778786468505859375e+01 2.139900588989257812e+01 1.520319652557373047e+01
2.857013893127441406e+01 2.622614479064941406e+01 3.466653823852539062e+01
2.837638854980468750e+01 1.531879043579101562e+01 1.907883453369140625e+01
1.143845558166503906e+01 2.830264472961425781e+01 1.522833156585693359e+01
1.911572456359863281e+01 1.692924690246582031e+01 2.383207893371582031e+01
1.498105812072753906e+01 2.542361640930175781e+01 3.078085136413574219e+01
3.647937011718750000e+01 2.194994544982910156e+01 1.233651542663574219e+01
1.966555213928222656e+01 2.488201332092285156e+01 2.492951011657714844e+01
2.029121589660644531e+01 3.087698554992675781e+01 2.308152580261230469e+01
2.551085853576660156e+01 2.117707252502441406e+01 3.130196762084960938e+01
2.919034385681152344e+01 2.005918693542480469e+01 2.944808769226074219e+01
2.637985229492187500e+01 2.616876220703125000e+01 2.627706909179687500e+01
2.838989639282226562e+01 2.870209503173828125e+01 2.126355934143066406e+01
2.125004959106445312e+01 1.447863101959228516e+01 3.472384262084960938e+01
